-79.1
-77.7
-82.9
-80.2
-83.3
-80.5
-76.5
-82.7
-85.5
-79.5
-78.1
-80.9
-78.3
-79.8
-83.2
-82.4
-81.1
-78.8
-81.1
-80.9
-79.7
-74
-79.6
-78.7
-77.1
-83.9
-77.2
-77.5
-79.5
-81.5
-85.3
-81.5
-82.4
-77.7
-76.6
-78.7
-79
-77.7
-78.2
-80.1
-80.6
-79.6
-80.7
-79.5
-78.4
-74.6
-75.6
-79.9
-76.2
-79.2
-79.4
-75.8
-83.6
-80.4
-79.6
-77.6
-84.6
-81.5
-82
-85.5
-82.4
-78
-78.4
-79.6
-78.3
-83.4
-81
-76.9
-83.2
-80.8
-83
-81.1
-81.9
-79.9
-80.9
-73.5
-81.5
-80.7
-79.3
-83
-77.5
-81.4
-78.2
-78.7
-80.8
-77.8
-77
-75.4
-85.7
-80.8
-81.7
-86.5
-81.1
-79.7
-84.7
-80
-78.9
-78
-76.9
-76.4
-76.6
-81.1
-83.2
-82.5
-78.7
-83.3
-75.6
-81.2
-79.2
-79.8
-78.8
-77.1
-75.6
-77.2
-78.5
-78.5
-78.3
-78
-82.9
-78.3
-82.8
-77.4
-79.7
-83.8
-80
-74.4
-79
-79.6
-77.4
-79
-75
-76.6
-80.2
-78.3
-80.6
-80
-79.1
-83.4
-79.8
-78.7
-87.6
-83.2
-87.1
-72.7
-83.4
-82.3
-81
-76.8
-83.8
-84.7
-81.2
-86.7
-79.9
-80.7
-84.5
-81.9
-77
-82.1
-80.6
-79
-80.9
-86.6
-76.8
-86.6
-81.8
-82.7
-80
-81.9
-84.8
-79.7
-80.5
-78.8
-78.6
-80.8
-75.3
-80.4
-79.7
-82.5
-78.9
-79.9
-84.2
-78.7
-82.5
-74.7
-86.1
-79.1
-81.4
-83
-80.3
-80.5
-77.9
-77.9
-82.8
-83.2
-78
-76.6
-80.5
-77.6
-85.5
-82.5